1,2,3,4,5,6,7,8
1123444444444443211
0005666666666665000
0005333333333335000
0005666666666665000
0005666666666665000
0005666666666665000
0005666666666665000
0005666666666665000
0005666666666665000
0005666666666665000
0005666666666665000
0005666666666665000
0005666666666665000
0005666666666665000
0005666666666665000
0004666666666664000
0007466666666647000
0005746666666475000
0004574666664754000
0006457466647546000
0006645746475466000
0000664574754660000
0000066457546600000
0000006645466000000
0000000664660000000
0000000066600000000
0000000006000000000

