1,2,3,4,5,6,7,8
00000000000000000000000000000000
00000000000000000000011111000000
00000000000000000001144444100000
00000011000022200014443355410000
00000131000233322111144335541000
00000131000113333133311442331000
00001310001312444136633110241000
00001310013410244416666341144100
00013211134100024111666664414100
00013341341110011441166666641200
00133333324441144441616666664100
00133333444444443333666661111200
00133331441144333333324114444200
01443318441014433132314441442000
13344118410001441813414441442000
13334441100014213334144444120000
01434110000024418441444444200000
00111000000002441114233444200000
00000000000024227552333442000000
00000000000022222272334442000000
00000000000000000022244420000000
00000000000000000002848420000000
00000000000000000000222200000000
00000000000000000000000000000000
Line 25, start on 26
00000000000000000000000000000000
00000000000000000000011111000000
00000000000000000001143333100000
00000000000022200014433555310000
00000011000233322111144335541000
00000131000023333133311432331000
00000131000112444136633110241000
00001310001310244416666341144100
00001310013410024111666664414100
00013211134100011441166666641200
00013341341111144441616666664100
00133333324444443333666661111200
00133333444444333333324114444200
00133331441111433132314441442000
01443318441001441813414441442000
13344118410014213334144444120000
13334441100024418441444444200000
01434110000002441114233444200000
00111000000024227552333442000000
00000000000022222272334442000000
00000000000000000022244420000000
00000000000000000002848420000000
00000000000000000000222200000000
00000000000000000000000000000000
line 49, start on 50
00000000000000000000000000000000
00000000000000000000011111000000
00000000000000000001144444100000
00000000000022200014443355410000
00000011000233322111144335541000
00000131000023333133311442331000
00000131000112444136633110241000
00001310001310244416666341144100
00001310013410024111666664414100
00013211134100011441166666641200
00013341341111144441616666664100
00133333324444443333666661111200
00133333444444333333324114444200
00133331441111433132314441442000
01443318441001441813414441442000
13344118410014213334144444120000
13334441100024418441444444200000
01434110000002441114244344200000
001110000000242275572433342000000
000000000000222222772443442000000
000000000000000000022244420000000
000000000000000000002484820000000
000000000000000000000222200000000
00000000000000000000000000000000
Line 
00000000000000000000000000000000
00000000000000000000011111000000
00000000000000000001144444100000
00000011000022200011111155410000
00000131000233322213333311541000
00000131000113333136666634141000
00001310001312444136666666411000
0000131001341024441666666664110
00013211134100024111666666664100
00013341341110011441116666666410
00133333324441144441666666611110
00133333444444443333666661142200
00133331441144333333324114444200
01443318441014433132314441442000
13344118410001441813414441442000
13334441100014213334144444120000
01434110000024418441444444200000
00111000000002441114233444200000
00000000000024227552333442000000
00000000000022222272334442000000
00000000000000000022244420000000
00000000000000000002848420000000
00000000000000000000222200000000
00000000000000000000000000000000