1,2,3,4,5,6,7
0000111110000000
0001332221000000
0013322222100000
0013245553100000
0132311515310000
0543165546450000
0544574557450000
0514555145450000
0051415554500000
0534514411500000
5255551155450000
5505451415550000
0052355135000000
0523555543500000
5555555555550000
0000000000000000
line 17 start at 18 
0000111110000000
0001332221000000
0013322222100000
0013245553100000
0132311515310000
0543165546450000
0544574557450000
0514555145450000
0051415554500000
0034514411550000
0055551155450000
0525341415500000
0552235115000000
0522355541500000
0555555555550000
0000000000000000

