1,2,3,4
00011100111221011000
00155511512221155100
00155555512212215100
00155555551112211100
00015555555551212210
00155555555551122210
00155555555555122110
01115555555555511110
00155515555551555100
00115515555551551100
01015555533555551010
00011555555555511000
00100115555551100100
00001131111113100000
00015131133113110000
00155114411411551000
00155145444541551000
00011144444441110000
00001444444444100000
00001144444441100000
00000111111111000000
00000155515551000000
00000015515510000000
00000001111100000000
line 25
00000000000000000000
00000000000000000000
00011100111221011000
00155511512221155100
00155555512212215100
00155555551112211100
00015555555551212210
00155555555551122210
00155555555555122110
01115555555555511110
00155515555551555100
00115515555551551100
01015555533555551010
00011555555555511000
00100115555551100100
00015131111113110000
00155114411411551000
00155145444541551000
00011144444441110000
00001444444444100000
00001144444441100000
00000111111111000000
00000015515510000000
00000001111100000000
