1,2,3,4,5,6,7 line 0
0001110000000000
0000001000000000
0001111111111000
0013344444444100
0013346666664100
0013345155164100
0013345511564100
0013345555564100
0013344444444100
0001222222221000
0000124373710000
0000124737310000
0000124444410000
0000121111410000
0000121001410000
0000010000100000
22 line 17
0001110000000000
0000001000000000
0001111111111000
0013344444444100
0013346666664100
0013345155164100
0013345511564100
0013345555564100
0013344444444100
0001222222221000
0000124373710000
0000124737310000
0000124444410000
0000121111410000
0000121001410000
0000010000100000
Line 34, start at 35
0000000000000000
0001000000000000
0000110000000000
0000001000000000
0001111111111000
0013344444444100
0013344444444100
0013344666666100
0013344515516100
0013344551156100
0013344555556100
0001222222221000
0000124373710000
0000124737310000
0000121001410000
0000010000100000
