1,2,3,4,5,6,7 from @Jusiv_ on twitter
00000008888000000
00700887766800000
08208877766680000
08181127776680000
08111332777728000
08211133222218000
00822211131313800
00822111363636380
00844222161616180
05841322212121800
08341144444445800
08141122424245800
08151144444455000
05182258848855000
05288280058085000
00808280050050000
00000800000000000
Line 18, start 19
00000000000000000
00000008888000000
00600887666800000
08208877766680000
08181127777780000
08111332777728000
08211133222218000
00822211131313800
00822111363636380
05841322161616180
08341122212121800
08141144444445800
08151122424245800
05182255548555000
05288288858885000
00808280050050000
00000800000000000