1,2,3,4,5,6
000000000000000110000000000000000
000000000000001221100000000000000
000000000000015542211000000000000
000000000000154444422110000000000
000000000001544444444221100000000
000000000015444444444442211000000
000000000154444445374444422110000
000000001544333553374444444210000
000000015444533333744444442110000
000000154444455333444444421710000
000001544444453373334444213710000
000015444444533744337442136710000
000154444445337444444421367100000
001544444453374444444213371000000
015444444457744444442136710000000
111444444454444444421367100000000
133114444444444444213671000000000
133331144444444442133710000000000
166333311444444421337100000000000
011663333114444213671000000000000
000116633331122136710000000000000
000001166333311367100000000000000
000000011663371671000000000000000
000000000116771710000000000000000
000000000001171100000000000000000
000000000000011000000000000000000

